dot_product: 86.04591087090805
norm_a: 12.403949073065405
norm_b: 11.93581459632851
cosine_distance: 0.41880991362100917
