dot_product: 88.03237340315849
norm_a: 12.403949073065405
norm_b: 12.435162464622913
cosine_distance: 0.42926964364474196
