dot_product: 96.45098268288865
norm_a: 12.144098023562654
norm_b: 12.500683578137814
cosine_distance: 0.3646579054843734
