dot_product: 105.38147135863869
norm_a: 12.403949073065405
norm_b: 12.498726679632817
cosine_distance: 0.3202667532325765
