dot_product: 62.56804442581527
norm_a: 12.403949073065405
norm_b: 10.453182674361884
cosine_distance: 0.5174480590621788
