dot_product: 31.54636267153138
norm_a: 12.403949073065405
norm_b: 9.689919510525662
cosine_distance: 0.737536359879681
