dot_product: 52.07527481419579
norm_a: 12.403949073065405
norm_b: 10.701674680027272
cosine_distance: 0.6076986060535718
