dot_product: 94.50926743517672
norm_a: 12.403949616208902
norm_b: 11.913411298687143
cosine_distance: 0.36044445637296607
