dot_product: 29.919341880576084
norm_a: 12.403949073065405
norm_b: 9.790580791671395
cosine_distance: 0.7536323923499068
